{
  "compressionRatio": -44.39400817067636,
  "compressedSize": 3181,
  "filename": "backup_huffman_20260621_222920.huf",
  "executionTimeMs": 4.663951,
  "originalSize": 2203,
  "fileCount": 22,
  "algorithm": "Huffman",
  "timestamp": 1782091760459
}