{
  "compressionRatio": -140.85106382978725,
  "compressedSize": 1698,
  "filename": "backup_huffman_20260620_114800.huf",
  "executionTimeMs": 3.254287,
  "originalSize": 705,
  "fileCount": 22,
  "algorithm": "Huffman",
  "timestamp": 1781966880498
}